1.814814814814814936e-01
9.280742459396762456e-02
8.148148148148154357e-02
-1.392111368909521030e-02
6.851851851851852304e-01
4.431554524361949188e-01
2.037037037037038589e-01
-1.856148491879361373e-02
1.074074074074074098e-01
7.935034802784222130e-01
7.777777777777776791e-01
4.361948955916472581e-01
-9.629629629629622711e-02
9.164733178654294043e-01
2.296296296296297390e-01
-1.856148491879361373e-02
1.481481481481490906e-02
-3.944315545243626264e-02
-8.888888888888876738e-02
5.197215777262180758e-01
1.740740740740740478e-01
-4.663573085846868249e-01
2.962962962962981811e-02
5.846867749419952798e-01
-3.962962962962963132e-01
4.825986078886310704e-01
-1.925925925925926763e-01
8.074245939675175343e-01
-1.925925925925926763e-01
8.677494199535962238e-01
-1.111111111111118092e-02
5.777262180974478412e-01
-1.592592592592591283e-01
5.522041763341065668e-01
3.703703703703681988e-02
3.921113689095125920e-01
1.629629629629630871e-01
2.111368909512760794e-01
5.555555555555568431e-02
8.167053364269141191e-01
6.296296296296313710e-02
8.120649651972158267e-01
2.222222222222236185e-02
4.106728538283062058e-01
6.296296296296313710e-02
2.227378190255220325e-01
2.592592592592590783e-01
8.607888631090485632e-01
-2.777777777777777346e-01
5.243619489559163682e-01
1.962962962962964131e-01
7.215777262180973484e-01
3.703703703703500882e-03
7.331786542923430794e-01
7.407407407407409772e-02
1.484918793503480217e-01
-1.037037037037036868e-01
8.979118329466357906e-01
1.703703703703705330e-01
-2.180974477958236291e-01
6.148148148148145919e-01
4.547563805104406498e-01
-4.444444444444450165e-02
9.953596287703017076e-01
9.999999999999995004e-02
9.930394431554523393e-01
-1.555555555555556413e-01
7.656612529002320144e-01
3.333333333333331899e-02
-4.872389791183294738e-01
4.074074074074077179e-02
4.129930394431553520e-01
-1.592592592592591283e-01
7.703016241299303069e-01
5.333333333333331039e-01
4.570765661252900181e-01
6.962962962962961910e-01
4.408352668213457726e-01
-8.518518518518526650e-02
-9.512761020881669305e-01
-6.666666666666663799e-02
-9.651972157772621408e-01
1.555555555555556413e-01
-1.206496519721577121e-01
8.814814814814811994e-01
4.663573085846868249e-01
3.370370370370371349e-01
-8.306264501160092184e-01
2.592592592592586273e-02
5.359628770301623213e-01
-9.259259259259250419e-02
-4.640371229698381228e-02
1.666666666666666019e-01
9.164733178654294043e-01
1.111111111111095541e-02
5.266821345707657365e-01
-3.333333333333331899e-02
5.777262180974478412e-01
3.703703703703681988e-02
3.851508120649651534e-01
9.740740740740740922e-01
3.689095127610209079e-01
-8.148148148148154357e-02
-8.491879350348028321e-01
9.407407407407407662e-01
3.944315545243619603e-01
3.333333333333331899e-02
8.259860788863107040e-01
3.074074074074072960e-01
9.976798143851506318e-02
5.185185185185186008e-01
4.593967517401391643e-01
3.740740740740739478e-01
-8.607888631090486742e-01
7.851851851851852082e-01
4.315545243619487437e-01
3.185185185185182566e-01
-1.624129930394424548e-02
4.814814814814822458e-02
8.213457076566124115e-01
-1.555555555555556413e-01
-8.654292343387470776e-01
-1.999999999999999001e-01
8.329466357308583646e-01
2.740740740740740256e-01
8.213457076566124115e-01
-1.666666666666666019e-01
-9.721577726218095794e-01
1.740740740740740478e-01
-7.610208816705337220e-01
1.074074074074074098e-01
7.262180974477958628e-01
1.925925925925924542e-01
9.187935034802783285e-01
4.444444444444427267e-02
6.102088167053363321e-01
1.074074074074074098e-01
7.285382830626450090e-01
3.740740740740739478e-01
4.640371229698514455e-03
2.629629629629630649e-01
7.819025522041762599e-01
4.074074074074077179e-02
6.148491879350346245e-01
3.333333333333331899e-02
5.916473317865427184e-01
1.111111111111109107e-01
4.663573085846868249e-01
7.740740740740738035e-01
4.361948955916472581e-01
7.037037037037013887e-02
3.109048723897911426e-01
-3.703703703703704886e-02
4.129930394431553520e-01
1.666666666666666019e-01
9.512761020881677076e-02
2.592592592592586273e-02
3.526682134570764404e-01
9.259259259259250419e-02
9.002320185614847148e-01
-9.629629629629622711e-02
-9.953596287703015966e-01
1.925925925925924542e-01
-9.095127610208815216e-01
-3.703703703703727264e-03
7.865429234338747744e-01
1.370370370370372348e-01
-2.320185614849179512e-02
-8.851851851851851860e-01
3.619489559164734693e-01
2.740740740740740256e-01
-9.234338747099767319e-01
-8.999999999999998002e-01
3.271461716937353881e-01
3.333333333333331899e-02
2.575406032482598917e-01
1.666666666666666019e-01
-8.793503480278422879e-01
2.962962962962981811e-02
-4.733178654292342635e-01
-6.666666666666663799e-02
7.192575406032486462e-02
1.481481481481481954e-01
-1.136890951276102735e-01
2.962962962962981811e-02
2.761020881670532834e-01
3.333333333333331899e-02
5.777262180974478412e-01
-2.962962962962959260e-02
9.164733178654294043e-01
-8.888888888888876738e-02
-9.025522041763340830e-01
1.703703703703705330e-01
-7.076566125290021381e-01
7.037037037037013887e-02
1.368909512761020686e-01
9.592592592592592560e-01
3.735498839907192004e-01
-8.148148148148154357e-02
-9.559164733178653339e-01
-3.703703703703727264e-03
5.823665893271461336e-01
5.111111111111111827e-01
4.663573085846868249e-01
-9.666666666666664520e-01
2.714617169373549910e-01
9.259259259259250419e-02
1.392111368909509928e-02
-9.629629629629622711e-02
-9.071925754060324865e-01
-6.666666666666663799e-02
-4.640371229698381228e-02
9.074074074074075513e-01
4.849187935034802166e-01
2.555555555555555913e-01
-8.770301624129929197e-01
4.814814814814822458e-02
-4.269141531322504513e-01
-1.444444444444444586e-01
-9.466357308584685271e-01
8.814814814814811994e-01
4.593967517401391643e-01
3.333333333333331899e-02
2.088167053364269332e-01
1.222222222222223154e-01
-9.048723897911825631e-02
-1.740740740740740478e-01
-8.723897911832945162e-01
4.925925925925923043e-01
4.663573085846868249e-01
3.851851851851853525e-01
3.944315545243615162e-02
5.555555555555568431e-02
-4.153132250580046092e-01
1.740740740740740478e-01
-2.436194895591647924e-01
8.925925925925926041e-01
4.709976798143851173e-01
9.259259259259250419e-02
-2.157772621809745939e-01
1.518518518518516824e-01
5.475638051044082744e-01
5.555555555555568431e-02
5.243619489559163682e-01
1.740740740740740478e-01
-5.777262180974476191e-01
8.148148148148154357e-02
9.976798143851506318e-01
1.851851851851850084e-01
-5.382830626450115785e-01
-2.962962962962963909e-01
5.127610208816704152e-01
-8.222222222222221877e-01
3.341067285382830487e-01
0.000000000000000000e+00
5.290023201856146606e-01
-4.074074074074072738e-01
4.756380510440834097e-01
9.148148148148145253e-01
5.359628770301623213e-01
9.259259259259250419e-02
-2.389791183294662780e-01
-1.444444444444444586e-01
9.721577726218098014e-01
2.222222222222222654e-01
-1.160092807424584205e-02
3.703703703703681988e-02
7.308584686774941552e-01
-1.481481481481490906e-02
8.097447795823664585e-01
3.703703703703681988e-02
8.352668213457077329e-01
-2.407407407407406719e-01
-9.675174013921113980e-01
5.555555555555568431e-02
-1.392111368909521030e-02
9.222222222222219434e-01
3.317865429234339025e-01
7.777777777777759860e-02
3.944315545243615162e-02
1.851851851851840994e-02
-3.944315545243626264e-02
7.703703703703702610e-01
4.315545243619487437e-01
2.259259259259257802e-01
9.234338747099766209e-01
-8.888888888888876738e-02
6.728538283062635017e-02
-1.074074074074074098e-01
-8.515081206496518673e-01
9.259259259259250419e-02
6.960556844547660660e-03
-1.037037037037036868e-01
7.424593967517401083e-01
2.666666666666665519e-01
8.283062645011600722e-01
-8.962962962962961466e-01
2.714617169373549910e-01
2.222222222222236185e-02
9.280742459396762456e-02
-1.111111111111111327e-01
-8.677494199535961128e-01
-2.259259259259260022e-01
-8.863109048723897265e-01
3.703703703703681988e-02
6.960556844547562960e-01
7.407407407407409772e-02
5.104408352668210469e-02
3.703703703703704608e-01
-9.048723897911831182e-01
1.222222222222223154e-01
5.266821345707657365e-01
-6.703703703703702832e-01
3.805104408352668610e-01
3.703703703703681988e-02
4.385150812064964043e-01
-8.888888888888888395e-01
2.830626450116009440e-01
1.851851851851850084e-01
-1.160092807424584205e-02
1.740740740740740478e-01
-6.241299303944314314e-01
-1.703703703703703110e-01
-8.723897911832945162e-01
9.259259259259250419e-02
7.656612529002320144e-01
3.518518518518515825e-01
8.120649651972144945e-02
-8.148148148148154357e-02
-7.795823665893270027e-01
9.814814814814816213e-01
3.503480278422272942e-01
1.740740740740740478e-01
-3.387470997679813411e-01
-5.555555555555545533e-02
7.354988399071924476e-01
4.074074074074077179e-02
5.730858468677495487e-01
1.740740740740740478e-01
-7.749419953596285993e-01
-8.148148148148154357e-02
-7.749419953596285993e-01
5.518518518518519267e-01
4.547563805104406498e-01
1.740740740740740478e-01
-8.863109048723897265e-01
-1.222222222222223154e-01
-9.234338747099767319e-01
2.481481481481481455e-01
-8.723897911832945162e-01
9.703703703703702166e-01
4.965197215777261697e-01
1.222222222222223154e-01
-1.090487238979118700e-01
1.666666666666666019e-01
-2.668213457076564765e-01
-7.037037037037036091e-02
-7.749419953596285993e-01
-9.629629629629622711e-02
-8.932714617169372762e-01
1.777777777777775348e-01
-3.039443155452437040e-01
3.703703703703681988e-02
2.204176334106728863e-01
-3.703703703703727264e-03
-5.777262180974476191e-01
1.740740740740740478e-01
9.164733178654294043e-01
8.518518518518504445e-02
1.624129930394424548e-02
4.074074074074077179e-02
6.914153132250580036e-01
-8.148148148148154357e-02
-8.259860788863108150e-01
6.296296296296313710e-02
5.823665893271461336e-01
-9.222222222222221655e-01
3.689095127610209079e-01
-1.925925925925926763e-01
8.004640371229696516e-01
1.111111111111095541e-02
8.167053364269141191e-01
2.777777777777779566e-01
-9.002320185614849368e-01
2.074074074074073737e-01
9.048723897911832292e-01
3.851851851851853525e-01
-8.607888631090486742e-01
-1.888888888888889672e-01
9.327146171693736498e-01
-1.925925925925926763e-01
9.048723897911832292e-01
-1.111111111111118092e-02
3.271461716937353881e-01
-9.333333333333331261e-01
2.482598607888630848e-01
1.185185185185183704e-01
8.097447795823664585e-01
1.185185185185183704e-01
-1.415313225058003610e-01
-8.259259259259257302e-01
3.085846867749419964e-01
3.185185185185182566e-01
-9.002320185614849368e-01
-1.333333333333332760e-01
-9.373549883990719422e-01
1.851851851851840994e-02
4.965197215777261697e-01
1.851851851851840994e-02
4.593967517401391643e-01
7.037037037037013887e-02
3.178654292343388033e-01
1.666666666666666019e-01
-1.879350348027841733e-01
1.814814814814814936e-01
-7.308584686774941552e-01
-4.629629629629629650e-01
4.524361948955915036e-01
1.148148148148148695e-01
-1.856148491879361373e-02
1.814814814814814936e-01
-3.735498839907192004e-01
2.444444444444446307e-01
-9.025522041763340830e-01
-1.370370370370370128e-01
2.784222737819019855e-02
5.555555555555568431e-02
-3.967517401392109955e-01
2.592592592592590783e-01
9.419953596287702347e-01
-8.814814814814814214e-01
2.946635730858468971e-01
1.814814814814814936e-01
8.816705336426913231e-01
-1.037037037037036868e-01
5.104408352668210469e-02
1.555555555555556413e-01
-1.856148491879350271e-01
2.148148148148148195e-01
9.071925754060323754e-01
-1.074074074074074098e-01
8.909512761020881300e-01
-9.222222222222221655e-01
3.712296983758700542e-01
1.111111111111095541e-02
-1.624129930394424548e-02
3.296296296296296613e-01
8.120649651972144945e-02
-2.222222222222213633e-02
-1.000000000000000000e+00
1.851851851851850084e-01
-5.266821345707657365e-01
8.370370370370369129e-01
4.431554524361949188e-01
7.777777777777759860e-02
4.640371229698376787e-01
-8.592592592592592782e-01
2.923433874709977509e-01
3.814814814814814214e-01
1.624129930394424548e-02
8.777777777777776569e-01
4.454756380510440650e-01
8.518518518518504445e-02
6.032482598607891155e-02
9.999999999999995004e-02
5.707656612529001805e-01
-6.444444444444444864e-01
3.805104408352668610e-01
-9.259259259259250419e-02
-9.512761020881669305e-01
1.333333333333332760e-01
8.863109048723898375e-01
5.185185185185172546e-02
8.886310904872387617e-01
2.851851851851849307e-01
5.081206496519721227e-01
3.703703703703681988e-02
-1.624129930394424548e-02
-7.407407407407409772e-02
-7.911832946635731778e-01
-1.999999999999999001e-01
-9.976798143851506318e-01
1.740740740740740478e-01
-3.851508120649651534e-01
3.148148148148147696e-01
9.512761020881677076e-02
1.777777777777775348e-01
-6.496519721577724837e-01
-1.259259259259258301e-01
-9.002320185614849368e-01
2.851851851851849307e-01
5.127610208816704152e-01
5.185185185185172546e-02
-4.245939675174014161e-01
3.185185185185182566e-01
-8.399071925754060253e-01
-9.629629629629622711e-02
-9.651972157772621408e-01
-8.407407407407406774e-01
2.668213457076564765e-01
3.703703703703681988e-02
5.800464037122969874e-01
-7.925925925925924043e-01
3.225058004640370957e-01
1.740740740740740478e-01
-8.399071925754060253e-01
4.444444444444427267e-02
6.937354988399073719e-01
-8.333333333333331483e-01
3.387470997679815632e-01
6.296296296296313710e-02
3.178654292343388033e-01
-1.111111111111118092e-02
4.106728538283062058e-01
-4.074074074074077179e-02
5.800464037122969874e-01
-1.111111111111118092e-02
7.285382830626450090e-01
2.481481481481481455e-01
7.494199535962877690e-01
-1.518518518518519045e-01
-4.176334106728540885e-02
-1.925925925925926763e-01
9.257540603248259892e-01
-1.074074074074074098e-01
-8.863109048723897265e-01
2.925925925925924043e-01
-1.160092807424584205e-02
-5.185185185185195444e-02
4.733178654292342635e-01
3.222222222222222432e-01
-1.160092807424584205e-02
3.333333333333331899e-02
3.990719257540602527e-01
7.777777777777759860e-02
-3.039443155452437040e-01
8.518518518518504445e-02
7.215777262180973484e-01
2.629629629629630649e-01
9.327146171693736498e-01
1.370370370370372348e-01
9.907192575406031931e-01
-5.370370370370370905e-01
4.222737819025521588e-01
-8.111111111111110050e-01
2.946635730858468971e-01
2.370370370370371849e-01
-9.303944315545241706e-01
-1.999999999999999001e-01
8.909512761020881300e-01
1.703703703703705330e-01
2.969837587006960433e-01
9.074074074074075513e-01
3.781902552204177148e-01
-1.851851851851852304e-01
8.004640371229696516e-01
-1.925925925925926763e-01
8.051044083526681661e-01
-6.925925925925924265e-01
3.642691415313223935e-01
-1.259259259259258301e-01
-9.396751740139209774e-01
1.777777777777775348e-01
-6.635730858468676940e-01
8.148148148148154357e-02
9.512761020881677076e-02
4.814814814814822458e-02
-4.037122969837587672e-01
7.407407407407454528e-03
-5.661252900232017771e-01
-5.555555555555545533e-02
5.243619489559163682e-01
2.592592592592586273e-02
5.638051044083525198e-01
1.148148148148148695e-01
3.109048723897911426e-01
2.851851851851849307e-01
-9.535962877030161877e-01
-7.407407407407409772e-02
-7.447795823665893655e-01
1.703703703703705330e-01
-2.227378190255220325e-01
8.962962962962961466e-01
4.709976798143851173e-01
3.407407407407406219e-01
-8.352668213457076218e-01
-7.777777777777782064e-02
-8.375870069605566570e-01
2.333333333333332260e-01
-9.141531322505799251e-01
-9.629629629629629095e-01
2.853828306264500903e-01
-4.333333333333333481e-01
4.617169373549883105e-01
3.185185185185182566e-01
-9.373549883990719422e-01
-1.777777777777777846e-01
-8.700696055684454810e-01
1.851851851851840994e-02
1.004640371229698292e+00
7.407407407407409772e-02
-3.155452436194896570e-01
9.629629629629644916e-02
4.686774941995359711e-01
1.481481481481481954e-01
-6.032482598607902258e-02
2.592592592592586273e-02
-5.197215777262179648e-01
-4.814814814814822458e-02
4.153132250580044982e-01
3.370370370370371349e-01
-9.396751740139209774e-01
2.666666666666665519e-01
1.879350348027841733e-01
7.407407407407409772e-02
4.617169373549883105e-01
1.814814814814814936e-01
9.791183294663574621e-01
-3.333333333333331899e-02
8.143851508120647509e-01
5.185185185185172546e-02
-4.083526682134570596e-01
-9.259259259259250419e-02
-9.744779582366589477e-01
-9.555555555555554914e-01
3.317865429234339025e-01
6.296296296296313710e-02
-3.457076566125290018e-01
1.444444444444442366e-01
9.048723897911825631e-02
-1.407407407407407218e-01
-9.559164733178653339e-01
1.481481481481481954e-01
-1.368909512761019576e-01
-2.222222222222213633e-02
-6.334106728538282383e-01
-6.666666666666663799e-02
4.756380510440834097e-01
1.222222222222223154e-01
7.981438515081205054e-01
1.592592592592591283e-01
7.262180974477958628e-01
-6.555555555555554470e-01
3.758700696055683466e-01
3.296296296296296613e-01
-9.002320185614849368e-01
5.185185185185172546e-02
7.308584686774941552e-01
1.333333333333332760e-01
-3.248259860788860198e-02
-1.925925925925926763e-01
-9.257540603248257671e-01
8.703703703703702388e-01
4.547563805104406498e-01
9.148148148148145253e-01
5.336426914153131751e-01
-2.629629629629630649e-01
-9.025522041763340830e-01
3.703703703703681988e-02
8.863109048723898375e-01
5.185185185185172546e-02
5.916473317865427184e-01
-4.814814814814813437e-01
4.501160092807423574e-01
1.740740740740740478e-01
-6.983758700696056643e-01
4.592592592592589784e-01
4.756380510440834097e-01
4.444444444444427267e-02
-4.593967517401393863e-01
1.037037037037039089e-01
-2.157772621809745939e-01
7.407407407407454528e-03
3.225058004640370957e-01
1.814814814814814936e-01
-7.076566125290021381e-01
2.962962962962981811e-02
3.085846867749419964e-01
2.962962962962981811e-02
7.122969837587005415e-01
-7.407407407407409772e-02
1.000000000000000000e+00
-1.333333333333332760e-01
7.517401392111369152e-01
4.888888888888888173e-01
4.686774941995359711e-01
9.962962962962960134e-01
4.222737819025521588e-01
4.444444444444427267e-02
-4.385150812064966264e-01
-1.703703703703703110e-01
-9.048723897911831182e-01
1.925925925925924542e-01
9.164733178654294043e-01
-1.814814814814814936e-01
7.842227378190254061e-01
9.518518518518517268e-01
4.292343387470995975e-01
9.074074074074075513e-01
4.941995359628770235e-01
1.814814814814814936e-01
-1.392111368909521030e-02
-1.888888888888889672e-01
-9.141531322505799251e-01
1.814814814814814936e-01
-8.051044083526680550e-01
-2.296296296296294892e-01
-9.466357308584685271e-01
-8.518518518518518601e-01
3.457076566125290018e-01
2.185185185185183065e-01
5.243619489559163682e-01
3.333333333333331899e-02
2.111368909512760794e-01
-1.851851851851840994e-02
3.271461716937353881e-01
-7.037037037037036091e-02
4.779582366589325559e-01
2.222222222222236185e-02
4.454756380510440650e-01
4.814814814814822458e-02
4.617169373549883105e-01
9.962962962962960134e-01
4.269141531322506733e-01
6.888888888888887729e-01
4.385150812064964043e-01
9.074074074074075513e-01
4.918793503480278773e-01
-8.518518518518526650e-02
1.000000000000000000e+00
-8.629629629629628207e-01
3.085846867749419964e-01
9.888888888888885953e-01
4.245939675174015271e-01
2.666666666666665519e-01
-8.631090487238977094e-01
7.259259259259259744e-01
4.338747099767981119e-01
-2.962962962962959260e-02
8.909512761020881300e-01
4.185185185185186785e-01
4.825986078886310704e-01
1.518518518518516824e-01
5.429234338747099819e-01
3.592592592592590561e-01
-9.466357308584685271e-01
-8.148148148148154357e-02
-9.373549883990719422e-01
1.370370370370372348e-01
-5.568445475638061914e-02
2.962962962962981811e-02
5.591647331786542274e-01
-6.444444444444444864e-01
3.828306264501160072e-01
1.407407407407407218e-01
4.129930394431553520e-01
2.814814814814814437e-01
1.856148491879350271e-01
2.888888888888889173e-01
1.809744779582367347e-01
9.999999999999995004e-02
4.153132250580044982e-01
-2.037037037037036369e-01
9.071925754060323754e-01
3.333333333333331899e-02
3.526682134570764404e-01
2.740740740740740256e-01
-9.002320185614849368e-01
8.888888888888900330e-02
7.192575406032482022e-01
2.370370370370371849e-01
8.816705336426911011e-02
2.962962962962981811e-02
4.153132250580044982e-01
-9.555555555555554914e-01
2.830626450116009440e-01
-2.481481481481481455e-01
5.266821345707657365e-01
-7.407407407407454528e-03
-5.962877030162412328e-01
3.814814814814814214e-01
2.320185614849146205e-03
-2.222222222222213633e-02
9.095127610208815216e-01
8.925925925925926041e-01
4.524361948955915036e-01
-3.925925925925926041e-01
4.779582366589325559e-01
3.703703703703500882e-03
7.772621809744779675e-01
1.296296296296297612e-01
7.285382830626450090e-01
1.703703703703705330e-01
-5.220417633410673330e-01
1.814814814814814936e-01
-5.220417633410673330e-01
-7.407407407407409772e-02
4.849187935034802166e-01
2.629629629629630649e-01
9.257540603248259892e-01
-8.148148148148154357e-02
-7.865429234338747744e-01
1.666666666666666019e-01
-3.294663573085847563e-01
9.185185185185184009e-01
3.549883990719258087e-01
1.703703703703705330e-01
-8.352668213457076218e-01
1.703703703703705330e-01
7.262180974477958628e-01
4.814814814814822458e-02
5.243619489559163682e-01
-1.851851851851840994e-02
5.197215777262180758e-01
-1.962962962962961910e-01
8.538283062645011245e-01
4.814814814814822458e-02
-4.083526682134570596e-01
6.666666666666663799e-02
-2.552204176334105235e-02
1.777777777777775348e-01
5.150812064965197834e-01
-6.481481481481481399e-01
3.828306264501160072e-01
1.888888888888889672e-01
5.104408352668214910e-01
1.444444444444442366e-01
-6.960556844547549638e-02
1.296296296296297612e-01
-1.856148491879361373e-02
2.962962962962981811e-02
2.273781902552205469e-01
-1.111111111111111327e-01
3.944315545243615162e-02
2.555555555555555913e-01
8.932714617169372762e-01
-4.518518518518517824e-01
4.640371229698376787e-01
-3.333333333333331899e-02
9.257540603248259892e-01
-4.148148148148147474e-01
4.709976798143851173e-01
0.000000000000000000e+00
2.204176334106728863e-01
6.296296296296313710e-02
-3.596287703016239901e-01
2.555555555555555913e-01
5.127610208816704152e-01
-8.888888888888876738e-02
-9.280742459396751354e-01
1.777777777777775348e-01
-4.153132250580046092e-01
1.740740740740740478e-01
-7.354988399071925587e-01
7.407407407407409772e-02
-3.596287703016239901e-01
9.111111111111109828e-01
4.733178654292342635e-01
3.444444444444446085e-01
-8.375870069605566570e-01
-7.074074074074073737e-01
3.573085846867749549e-01
-1.925925925925926763e-01
8.097447795823664585e-01
-3.703703703703704886e-02
-9.837587006960557545e-01
1.740740740740740478e-01
-6.473317865429234486e-01
1.407407407407407218e-01
9.211136890951276968e-01
1.000000000000000000e+00
5.034802784222738303e-01
-7.222222222222220989e-01
3.596287703016241011e-01
-1.592592592592591283e-01
-8.932714617169372762e-01
1.703703703703705330e-01
-7.215777262180973484e-01
3.333333333333331899e-02
6.264501160092807996e-01
2.592592592592590783e-01
9.164733178654294043e-01
-9.296296296296295836e-01
2.993039443155451895e-01
-9.296296296296295836e-01
3.689095127610209079e-01
2.740740740740740256e-01
1.879350348027841733e-01
9.185185185185184009e-01
5.220417633410672220e-01
2.444444444444446307e-01
-2.088167053364264891e-02
-2.962962962962959260e-02
4.083526682134570596e-01
3.333333333333331899e-02
-4.941995359628769124e-01
-5.888888888888887951e-01
4.060324825986079134e-01
1.111111111111109107e-01
-1.577726218097446065e-01
-1.888888888888889672e-01
8.051044083526681661e-01
9.185185185185184009e-01
4.756380510440834097e-01
-9.629629629629622711e-02
-8.654292343387470776e-01
-6.888888888888887729e-01
3.665893271461715397e-01
1.666666666666666019e-01
-2.900232018561484937e-01
-7.777777777777782064e-02
-8.955916473317865334e-01
2.592592592592586273e-02
-4.176334106728540885e-02
6.666666666666663799e-02
1.600928074245939747e-01
2.777777777777779566e-01
9.744779582366591697e-02
9.259259259259250419e-02
9.095127610208815216e-01
1.185185185185183704e-01
-2.088167053364264891e-02
-1.296296296296295392e-01
-5.336426914153125090e-02
-5.925925925925918519e-02
1.002320185614848924e+00
7.407407407407409772e-02
1.090487238979118700e-01
1.555555555555556413e-01
7.192575406032482022e-01
2.259259259259257802e-01
5.220417633410672220e-01
-9.629629629629622711e-02
5.220417633410672220e-01
-2.592592592592586273e-02
1.002320185614848924e+00
8.148148148148154357e-02
3.132250580046402888e-01
-8.296296296296294948e-01
2.714617169373549910e-01
1.259259259259258301e-01
-5.336426914153125090e-02
3.999999999999998002e-01
-8.607888631090486742e-01
2.592592592592586273e-02
5.522041763341065668e-01
5.666666666666664298e-01
4.570765661252900181e-01
4.148148148148147474e-01
4.802784222737819242e-01
-8.259259259259257302e-01
3.364269141531321949e-01
-9.407407407407405442e-01
2.900232018561483827e-01
-1.481481481481490906e-02
5.174013921113687076e-01
-8.148148148148147696e-01
3.201856148491879495e-01
2.703703703703704830e-01
-9.419953596287703457e-01
2.037037037037038589e-01
9.535962877030161877e-01
2.592592592592590783e-01
8.793503480278421769e-01
-2.185185185185185563e-01
-9.466357308584685271e-01
1.111111111111109107e-01
8.167053364269141191e-01
1.851851851851850084e-01
-7.308584686774941552e-01
-8.740740740740740033e-01
2.412993039443156462e-01
1.259259259259258301e-01
4.663573085846868249e-01
2.888888888888889173e-01
-9.628770301624129946e-01
1.407407407407407218e-01
5.522041763341065668e-01
3.703703703703681988e-02
6.635730858468678051e-01
-8.148148148148154357e-02
8.747099767981438845e-01
-4.814814814814822458e-02
-4.872389791183284746e-02
1.814814814814814936e-01
-4.106728538283062058e-01
-4.222222222222221655e-01
4.663573085846868249e-01
7.777777777777759860e-02
4.106728538283062058e-01
7.407407407407409772e-02
7.888631090487230324e-02
-7.777777777777782064e-02
-7.865429234338747744e-01
-9.592592592592592560e-01
3.689095127610209079e-01
2.703703703703704830e-01
8.747099767981438845e-01
1.703703703703705330e-01
-8.677494199535961128e-01
9.111111111111109828e-01
5.406032482598606137e-01
9.999999999999995004e-02
-2.157772621809745939e-01
2.629629629629630649e-01
8.863109048723898375e-01
3.148148148148147696e-01
-9.327146171693735388e-01
3.333333333333331899e-02
5.336426914153131751e-01
-9.999999999999995004e-02
5.243619489559163682e-01
1.777777777777775348e-01
-5.870069605568444260e-01
3.740740740740739478e-01
-8.700696055684454810e-01
-2.370370370370369628e-01
-9.651972157772621408e-01
1.148148148148148695e-01
9.118329466357308899e-01
1.481481481481481954e-01
-3.248259860788860198e-02
-1.296296296296295392e-01
2.320185614849190614e-02
