5.135869565217392463e-01
5.152224824355973176e-01
1.766304347826086474e-01
4.964871194379392172e-01
1.684782608695652717e-01
5.339578454332554180e-01
5.326086956521739468e-01
5.761124121779859220e-01
-6.956521739130433479e-01
-8.430913348946134089e-02
-9.755434782608694011e-01
3.442622950819671512e-01
7.445652173913044347e-01
5.362997658079624586e-01
-1.277173913043478104e-01
7.587822014051521791e-01
1.576086956521739191e-01
8.852459016393443569e-01
-3.288043478260868624e-01
5.128805620608898330e-01
2.717391304347810052e-02
2.810304449648710623e-01
-6.358695652173911306e-01
-3.793911007025759785e-01
1.820652173913043237e-01
2.248243559718969831e-01
-6.766304347826086474e-01
-1.826697892271662571e-01
-1.766304347826086474e-01
-9.367681498829050213e-03
-4.728260869565217295e-01
6.088992974238882638e-02
3.641304347826086474e-01
9.625292740046837991e-01
6.983695652173912416e-01
7.962529274004670476e-02
6.548913043478260532e-01
-6.604215456674472629e-01
7.065217391304345895e-01
3.372365339578453636e-01
-5.244565217391303769e-01
-5.480093676814988823e-01
-6.413043478260868069e-01
-3.629976580796252517e-01
2.989130434782610868e-02
3.278688524590163134e-01
8.885869565217389132e-01
-7.494145199063217966e-02
2.717391304347810052e-02
1.662763466042154192e-01
8.967391304347832603e-02
6.323185011709608894e-02
-6.576086956521737248e-01
-3.138173302107728491e-01
2.717391304347810052e-02
1.990632318501170950e-01
8.994565217391302658e-01
-6.791569086651050302e-02
-6.467391304347824832e-01
4.168618266978922904e-01
7.391304347826087584e-01
5.362997658079624586e-01
-2.201086956521738081e-01
8.829039812646368723e-01
4.972826086956521618e-01
4.098360655737705027e-01
5.597826086956521063e-01
6.697892271662762020e-01
4.184782608695651884e-01
8.243559718969555306e-01
-7.010869565217390242e-01
-8.196721311475418936e-02
1.630434782608695954e-01
5.644028103044496092e-01
8.749999999999998890e-01
3.348946135831381010e-01
-4.021739130434781595e-01
-6.229508196721311730e-01
8.559782608695651884e-01
3.231850117096017883e-01
-6.684782608695650774e-01
-2.084309133489461452e-01
-5.081521739130433479e-01
-5.597189695550351951e-01
5.815217391304348116e-01
-7.072599531615925139e-01
4.864130434782608092e-01
3.676814988290397768e-01
1.630434782608695954e-01
8.711943793911007816e-01
-7.010869565217390242e-01
-7.962529274004681579e-02
4.021739130434781595e-01
1.686182669789226818e-01
4.836956521739130821e-01
3.700234192037470393e-01
-9.266304347826085364e-01
4.964871194379392172e-01
7.336956521739126935e-02
8.430913348946122987e-02
-9.673913043478258311e-01
3.395784543325528482e-01
-1.059782608695652162e-01
7.189695550351287157e-01
4.782608695652174058e-01
2.927400468384075971e-01
-1.766304347826086474e-01
4.683840749414525106e-02
-9.239130434782601153e-02
7.072599531615924029e-01
6.956521739130435700e-01
2.716627634660422341e-01
7.418478260869564300e-01
5.831381733021077096e-01
-2.581521739130434590e-01
8.688524590163932970e-01
-6.929347826086955653e-01
-9.367681498829039111e-02
-9.347826086956521063e-01
2.248243559718969831e-01
-3.016304347826085919e-01
4.426229508196721785e-01
7.201086956521739468e-01
1.662763466042154192e-01
-3.260869565217390242e-01
5.011709601873535203e-01
4.510869565217389687e-01
1.498829039812645814e-01
-2.038043478260869179e-01
-8.758782201405150847e-01
-1.711956521739129711e-01
-4.449648711943776647e-02
-6.793478260869565410e-01
-1.311475409836064809e-01
1.521739130434782150e-01
7.587822014051521791e-01
-9.538043478260868069e-01
4.613583138173300568e-01
5.407608695652172948e-01
6.323185011709602232e-01
7.010869565217389132e-01
3.231850117096017883e-01
-7.255434782608695121e-01
-2.341920374707151531e-03
-5.923913043478260532e-01
3.817330210772833521e-01
6.114130434782608647e-01
6.088992974238882638e-02
-2.364130434782608647e-01
3.185011709601872631e-01
-8.152173913043476716e-01
1.170960187353631277e-01
-2.364130434782608647e-01
-1.264637002341919558e-01
1.548913043478259144e-01
9.180327868852458106e-01
1.847826086956520231e-01
2.482435597189696086e-01
-2.173913043478258034e-02
5.480093676814987713e-01
-5.027173913043476716e-01
2.271662763466042456e-01
1.603260869565215907e-01
9.039812646370024574e-01
7.608695652173911306e-01
-2.716627634660422341e-01
-8.614130434782608647e-01
5.105386416861827925e-01
4.347826086956522729e-01
6.487119437939110611e-01
6.304347826086956763e-01
1.030444964871193303e-01
-1.902173913043473524e-02
5.597189695550350841e-01
1.195652173913044347e-01
5.386416861826703872e-02
-9.076086956521738358e-01
2.014051522248243575e-01
3.994565217391304879e-01
1.451990632318500563e-01
1.630434782608695954e-01
5.690866510538641343e-01
3.369565217391302103e-01
-8.360655737704918433e-01
-6.086956521739128601e-01
-4.332552693208431283e-01
4.347826086956522729e-01
7.400468384074940786e-01
-3.369565217391303769e-01
6.791569086651054743e-01
4.374999999999999445e-01
6.487119437939110611e-01
1.576086956521739191e-01
8.571428571428572063e-01
3.858695652173914081e-01
3.278688524590163134e-01
9.374999999999997780e-01
3.114754098360656975e-01
7.445652173913044347e-01
5.199063231850118427e-01
4.103260869565218405e-01
8.641686182669787719e-01
1.630434782608706015e-02
4.355971896955503908e-01
-2.663043478260869734e-01
8.594847775175642468e-01
6.358695652173913526e-01
-6.838407494145199994e-01
-5.163043478260869179e-01
2.599531615925059214e-01
-4.211956521739130266e-01
-2.107728337236536298e-02
-6.576086956521737248e-01
-2.903981264637001125e-01
5.217391304347825942e-01
5.409836065573769837e-01
3.342391304347825387e-01
-8.665105386416860345e-01
-3.396739130434782705e-01
7.634660421545667042e-01
4.239130434782608647e-01
8.196721311475410054e-01
1.603260869565215907e-01
8.665105386416862565e-01
4.673913043478260532e-01
2.529274004683841337e-01
-6.548913043478260532e-01
-2.997658079625291627e-01
1.114130434782607398e-01
4.918032786885251362e-02
5.815217391304348116e-01
-3.278688524590156472e-02
3.233695652173911861e-01
-8.829039812646370944e-01
7.146739130434782705e-01
3.372365339578453636e-01
4.918478260869564855e-01
3.559718969555034640e-01
-2.092391304347825942e-01
-8.992974238875879323e-01
4.320652173913042682e-01
5.667447306791568717e-01
-5.815217391304345895e-01
-4.683840749414518445e-01
1.358695652173905026e-02
4.309133489461358657e-01
-4.891304347826086474e-01
2.014051522248243575e-01
-2.663043478260869734e-01
3.629976580796254737e-01
-2.364130434782608647e-01
-1.241217798594849153e-01
8.288043478260866959e-01
2.997658079625293848e-01
-4.945652173913043237e-01
1.920374707259953073e-01
5.951086956521738358e-01
2.341920374707262553e-03
4.103260869565218405e-01
8.758782201405150847e-01
4.891304347826088139e-01
3.747072599531615644e-01
6.902173913043478937e-01
2.482435597189696086e-01
-1.195652173913042682e-01
7.353629976580795535e-01
6.032608695652171837e-01
3.512880562060893830e-02
7.853260869565215074e-01
2.552693208430913963e-01
3.505434782608696231e-01
-8.149882903981265914e-01
-1.739130434782608092e-01
-6.088992974238882638e-02
4.972826086956521618e-01
3.887587822014051397e-01
1.548913043478259144e-01
5.948477751756440224e-01
1.657608695652172670e-01
9.555035128805620115e-01
4.836956521739130821e-01
3.278688524590163134e-01
7.173913043478259421e-01
-3.864168618266978772e-01
4.021739130434781595e-01
2.037470725995316201e-01
-1.684782608695651052e-01
-2.341920374707251451e-02
3.967391304347824277e-01
2.388758782201405584e-01
1.521739130434782150e-01
7.868852459016393297e-01
-2.010869565217390798e-01
1.943793911007025699e-01
6.657608695652174058e-01
1.943793911007025699e-01
6.086956521739128601e-01
5.620608899297407923e-02
6.657608695652174058e-01
-6.533957845433255862e-01
-8.858695652173912416e-01
1.756440281030444694e-01
4.293478260869565966e-01
6.861826697892272620e-01
7.554347826086954543e-01
6.416861826697890514e-01
7.065217391304345895e-01
1.124121779859486026e-01
6.874999999999998890e-01
-5.316159250585481555e-01
2.989130434782610868e-02
3.067915690866509504e-01
-1.711956521739129711e-01
2.341920374707262553e-03
-4.619565217391300577e-02
6.112412177985948603e-01
6.548913043478260532e-01
7.798594847775175420e-01
-3.668478260869564855e-01
-6.393442622950818999e-01
7.445652173913044347e-01
5.925058548009367598e-01
-9.565217391304347005e-01
4.707259953161593291e-01
-4.456521739130434590e-01
2.341920374707262553e-03
-1.222826086956521202e-01
7.540983606557376540e-01
1.929347826086957041e-01
3.700234192037470393e-01
6.521739130434780485e-01
-6.721311475409834646e-01
2.717391304347677259e-03
4.941451990632319546e-01
6.250000000000000000e-01
7.728337236533966426e-02
4.021739130434781595e-01
9.063231850117094979e-01
9.266304347826087584e-01
-3.278688524590156472e-02
6.902173913043478937e-01
7.915690866510538548e-01
-9.701086956521738358e-01
3.302107728337235759e-01
-3.016304347826085919e-01
-6.651053864168617880e-01
9.157608695652174058e-01
3.372365339578453636e-01
5.271739130434782705e-01
-7.189695550351287157e-01
9.728260869565216185e-01
2.810304449648715064e-02
6.684782608695650774e-01
1.896955503512880448e-01
1.657608695652172670e-01
5.222482435597188832e-01
3.940217391304347561e-01
3.419203747072598887e-01
6.874999999999998890e-01
-6.135831381733020118e-01
7.663043478260868069e-01
-2.576112412177985478e-01
2.961956521739130821e-01
-9.789227166276346370e-01
7.690217391304348116e-01
2.459016393442623460e-01
-6.929347826086955653e-01
-1.007025761124120677e-01
6.521739130434780485e-01
-6.604215456674472629e-01
-9.565217391304347005e-01
2.740046838407494967e-01
1.630434782608695954e-01
9.063231850117094979e-01
-4.619565217391303769e-01
2.576112412177988809e-02
3.722826086956520508e-01
-7.611241217798593306e-01
-2.173913043478258034e-02
5.597189695550350841e-01
4.048913043478261642e-01
4.496487119437939661e-01
6.467391304347823722e-01
-2.576112412177988809e-02
4.211956521739128601e-01
8.384074941451991059e-01
-9.538043478260868069e-01
2.669789227166277090e-01
7.309782608695649664e-01
7.096018735362998875e-01
6.766304347826085364e-01
-5.035128805620608938e-01
-9.320652173913042127e-01
4.871194379391101670e-01
3.994565217391304879e-01
2.037470725995316201e-01
7.010869565217389132e-01
-4.098360655737703917e-01
-2.581521739130434590e-01
-1.147540983606557541e-01
7.065217391304359773e-02
7.728337236533966426e-02
-5.706521739130434590e-01
3.512880562060889389e-01
1.032608695652173780e-01
6.088992974238882638e-02
-4.103260869565216740e-01
-2.107728337236536298e-02
-8.478260869565216185e-01
5.152224824355973176e-01
7.282608695652172948e-01
4.496487119437939661e-01
2.309782608695651884e-01
1.009367681498829050e+00
9.972826086956519953e-01
1.803278688524589946e-01
-2.065217391304347561e-01
8.688524590163932970e-01
8.315217391304347005e-01
2.974238875878221222e-01
6.847826086956522174e-01
-5.152224824355970956e-01
-5.951086956521738358e-01
-4.496487119437939661e-01
3.940217391304347561e-01
3.442622950819671512e-01
-3.315217391304347005e-01
6.135831381733019008e-01
-1.956521739130433757e-01
1.756440281030444694e-01
4.320652173913042682e-01
7.259953161592513915e-02
1.929347826086957041e-01
3.302107728337235759e-01
1.548913043478259144e-01
7.400468384074940786e-01
-6.874999999999998890e-01
4.473067915690867036e-01
1.902173913043476994e-01
3.067915690866509504e-01
9.918478260869563190e-01
1.733021077283372069e-01
-7.282608695652172948e-01
7.025761124121787660e-03
1.467391304347825387e-01
4.215456674473072596e-02
7.907608695652171837e-01
-2.177985948477753064e-01
1.440217391304348671e-01
4.918032786885251362e-02
9.891304347826086474e-01
1.686182669789226818e-01
4.456521739130432924e-01
1.217798594847776528e-01
6.032608695652171837e-01
4.449648711943798851e-02
1.630434782608695954e-01
5.854800936768151942e-01
4.701086956521737248e-01
2.412177985948478209e-01
-3.097826086956521618e-01
8.220140515222482680e-01
-8.967391304347824832e-01
5.011709601873535203e-01
4.347826086956522729e-01
-7.330210772833724020e-01
-7.146739130434781595e-01
-3.747072599531608983e-02
8.288043478260866959e-01
-1.475409836065573188e-01
-9.103260869565216185e-01
2.014051522248243575e-01
1.000000000000000000e+00
1.522248243559718439e-01
1.875000000000000278e-01
3.325526932084308385e-01
2.961956521739130821e-01
-9.929742388758783234e-01
-5.298913043478259421e-01
-5.433255269320843572e-01
1.739130434782609758e-01
9.812646370023418996e-01
3.342391304347825387e-01
-8.641686182669788829e-01
8.016304347826086474e-01
-1.920374707259954183e-01
9.945652173913043237e-01
5.386416861826703872e-02
4.266304347826085919e-01
6.346604215456674858e-01
1.603260869565215907e-01
9.625292740046837991e-01
6.222826086956519953e-01
-6.908665105386416760e-01
6.168478260869565410e-01
5.854800936768134179e-02
4.266304347826085919e-01
5.386416861826699432e-01
5.380434782608696231e-01
6.206088992974239105e-01
8.940217391304345895e-01
-7.494145199063217966e-02
1.983695652173913804e-01
4.004683840749414525e-01
7.445652173913044347e-01
6.768149882903982117e-01
7.364130434782607537e-01
5.175644028103043581e-01
-2.771739130434781595e-01
3.911007025761124023e-01
5.652173913043477826e-01
6.627634660421546364e-01
1.630434782608695954e-01
9.133489461358315076e-01
-2.010869565217390798e-01
-8.571428571428572063e-01
-9.646739130434781595e-01
3.161592505854802226e-01
1.657608695652172670e-01
5.386416861826699432e-01
9.157608695652174058e-01
3.395784543325528482e-01
-5.407608695652172948e-01
3.021077283372364253e-01
-4.836956521739129156e-01
1.358313817330210060e-01
4.048913043478261642e-01
8.899297423887588820e-01
4.130434782608695121e-01
8.665105386416862565e-01
-8.288043478260869179e-01
1.358313817330210060e-01
3.369565217391302103e-01
9.929742388758782123e-01
6.141304347826085364e-01
5.620608899297407923e-02
6.820652173913042127e-01
-4.918032786885246921e-01
9.320652173913041016e-01
3.138173302107727380e-01
5.298913043478259421e-01
5.644028103044496092e-01
-6.684782608695650774e-01
-2.224824355971894985e-01
-6.304347826086956763e-01
-3.957845433255270384e-01
6.766304347826085364e-01
-5.152224824355970956e-01
7.309782608695649664e-01
1.873536299765807822e-01
6.277173913043476716e-01
7.587822014051521791e-01
2.391304347826085364e-01
1.011709601873536535e+00
6.086956521739128601e-01
7.447306791569086037e-01
-3.423913043478261087e-01
6.932084309133488276e-01
-8.777173913043476716e-01
1.639344262295081567e-01
2.445652173913042196e-02
2.997658079625293848e-01
2.608695652173912971e-01
1.014051522248243575e+00
5.298913043478259421e-01
5.995316159250585475e-01
9.918478260869563190e-01
1.217798594847776528e-01
-3.125000000000000000e-01
4.754098360655738542e-01
4.048913043478261642e-01
1.569086651053863690e-01
1.603260869565215907e-01
5.854800936768151942e-01
-5.489130434782608647e-01
-5.222482435597189943e-01
-3.315217391304347005e-01
5.948477751756440224e-01
-3.478260869565217850e-01
7.025761124121778778e-01
4.809782608695650774e-01
3.067915690866509504e-01
4.021739130434781595e-01
-7.400468384074940786e-01
1.358695652173905026e-02
4.402810304449649159e-01
5.896739130434781595e-01
-7.025761124121778778e-01
-9.673913043478258311e-01
4.145199063231850278e-01
-4.891304347826086474e-01
8.899297423887597702e-02
4.945652173913041572e-01
4.285714285714286031e-01
5.461956521739129711e-01
6.416861826697890514e-01
5.244565217391302658e-01
5.714285714285713969e-01
-6.657608695652172948e-01
-2.599531615925059214e-01
-9.211956521739130821e-01
2.177985948477751954e-01
-2.499999999999999167e-01
8.665105386416862565e-01
4.293478260869565966e-01
5.948477751756440224e-01
-1.684782608695651052e-01
1.639344262295083787e-02
-9.103260869565216185e-01
2.084309133489461452e-01
-6.277173913043477826e-01
4.074941451990632402e-01
-6.684782608695650774e-01
-2.716627634660422341e-01
1.521739130434782150e-01
7.892271662763468143e-01
-7.418478260869564300e-01
4.754098360655738542e-01
-9.184782608695650774e-01
2.060889929742388826e-01
-2.934782608695652439e-01
-6.814988290398126258e-01
5.434782608695653411e-02
9.367681498829050213e-02
-1.793478260869564855e-01
3.981264637002346340e-02
-7.635869565217391353e-01
4.894613583138172075e-01
-3.288043478260868624e-01
-7.728337236533966426e-02
2.717391304347810052e-02
3.700234192037470393e-01
-2.527173913043477826e-01
-1.147540983606557541e-01
-3.260869565217390242e-01
5.386416861826699432e-01
-3.233695652173911861e-01
5.011709601873535203e-01
6.440217391304347005e-01
1.288056206088992184e-01
-3.804347826086955653e-01
-4.918032786885229157e-02
7.527173913043477826e-01
6.323185011709602232e-01
6.739130434782607537e-01
-4.918032786885246921e-01
4.184782608695651884e-01
7.939110070257613394e-01
4.510869565217389687e-01
1.077283372365338554e-01
6.766304347826085364e-01
2.154566744730679329e-01
6.793478260869565410e-01
1.873536299765810043e-02
6.385869565217390242e-01
1.241217798594846933e-01
-2.554347826086956208e-01
-7.259953161592507254e-01
8.858695652173912416e-01
3.419203747072598887e-01
8.505434782608694011e-01
-1.194379391100702792e-01
-9.021739130434781595e-01
1.873536299765807822e-01
-2.092391304347825942e-01
2.599531615925059214e-01
7.472826086956521063e-01
6.791569086651054743e-01
-2.092391304347825942e-01
-7.939110070257612284e-01
4.510869565217389687e-01
1.475409836065573188e-01
4.184782608695651884e-01
8.454332552693208935e-01
2.445652173913042404e-01
1.014051522248243575e+00
-8.179347826086956763e-01
1.170960187353631277e-01
-8.396739130434780485e-01
1.358313817330210060e-01
3.532608695652172948e-01
-8.079625292740045817e-01
7.391304347826087584e-01
-3.161592505854800006e-01
-1.929347826086957041e-01
8.524590163934426812e-01
-9.021739130434781595e-01
1.920374707259953073e-01
-7.201086956521738358e-01
-3.044496487119441319e-02
6.413043478260870289e-01
-3.044496487119441319e-02
-5.326086956521738358e-01
-5.362997658079624586e-01
0.000000000000000000e+00
4.894613583138172075e-01
9.646739130434781595e-01
2.763466042154567592e-01
6.657608695652174058e-01
1.639344262295083787e-02
-6.548913043478260532e-01
-3.255269320843090508e-01
3.885869565217390798e-01
2.833723653395785469e-01
5.516304347826086474e-01
6.533957845433255862e-01
6.874999999999998890e-01
2.365339578454332958e-01
3.233695652173911861e-01
1.002341920374707485e+00
3.858695652173914081e-01
2.927400468384075971e-01
-4.836956521739129156e-01
1.077283372365338554e-01
1.983695652173913804e-01
3.278688524590163134e-01
9.619565217391301548e-01
4.683840749414525106e-03
4.945652173913041572e-01
4.215456674473068155e-01
1.630434782608695954e-01
8.805620608899298318e-01
7.445652173913044347e-01
-3.021077283372366473e-01
8.369565217391303769e-01
-1.451990632318501673e-01
-9.402173913043477826e-01
2.459016393442623460e-01
-5.271739130434782705e-01
2.740046838407494967e-01
-6.711956521739129711e-01
-1.873536299765808932e-01
-9.701086956521738358e-01
4.238875878220140780e-01
8.668478260869565410e-01
3.255269320843090508e-01
4.809782608695650774e-01
3.208430913348947477e-01
6.657608695652174058e-01
-2.341920374707151531e-03
1.603260869565215907e-01
9.367681498829050213e-02
-3.152173913043478382e-01
-7.962529274004681579e-02
3.152173913043478382e-01
1.002341920374707485e+00
-8.451086956521737248e-01
5.128805620608898330e-01
-3.288043478260868624e-01
7.798594847775175420e-01
-6.195652173913043237e-01
-4.121779859484777653e-01
6.793478260869565410e-01
-6.323185011709602232e-01
-5.353260869565216185e-01
2.974238875878221222e-01
-1.956521739130433757e-01
1.639344262295081567e-01
-1.983695652173912138e-01
1.873536299765807822e-01
-6.657608695652172948e-01
-2.388758782201405584e-01
-9.538043478260868069e-01
2.552693208430913963e-01
7.309782608695649664e-01
1.896955503512880448e-01
8.260869565217390242e-01
-1.639344262295081567e-01
1.657608695652172670e-01
9.695550351288055868e-01
1.630434782608695954e-01
5.573770491803280436e-01
5.516304347826086474e-01
6.416861826697890514e-01
-7.690217391304347005e-01
4.824355971896956419e-01
-4.836956521739129156e-01
1.569086651053863690e-01
-5.353260869565216185e-01
2.927400468384075971e-01
-2.961956521739130821e-01
-9.601873536299754264e-02
3.858695652173914081e-01
3.348946135831381010e-01
7.391304347826087584e-01
5.573770491803280436e-01
9.972826086956519953e-01
1.451990632318500563e-01
1.630434782608706015e-02
4.543325526932084912e-01
-2.282608695652173503e-01
3.067915690866509504e-01
4.374999999999999445e-01
6.651053864168616769e-01
2.989130434782610868e-02
1.358313817330210060e-01
-3.315217391304347005e-01
5.386416861826699432e-01
-2.826086956521738913e-01
-1.030444964871195523e-01
7.119565217391302658e-01
3.302107728337235759e-01
7.228260869565216185e-01
3.840749414519906146e-01
-4.728260869565217295e-01
4.683840749414525106e-02
6.467391304347823722e-01
-6.744730679156909492e-01
4.157608695652171837e-01
5.011709601873535203e-01
3.532608695652179887e-02
1.451990632318500563e-01
4.021739130434781595e-01
8.992974238875879323e-01
1.059782608695650497e-01
5.620608899297407923e-02
-4.782608695652172393e-01
6.791569086651061404e-02
2.173913043478274687e-02
4.402810304449649159e-01
7.771739130434781595e-01
2.435597189695550835e-01
1.521739130434782150e-01
7.447306791569086037e-01
6.902173913043478937e-01
2.810304449648710623e-01
-4.592391304347825387e-01
2.576112412177988809e-02
7.717391304347824832e-01
2.505854800936768711e-01
1.630434782608695954e-01
8.946135831381734071e-01
7.445652173913044347e-01
5.433255269320844683e-01
-3.097826086956521618e-01
4.800936768149881573e-01
-1.793478260869564855e-01
8.407494145199061464e-01
1.684782608695652717e-01
1.217798594847776528e-01
-4.945652173913043237e-01
1.803278688524589946e-01
2.173913043478274687e-02
2.154566744730679329e-01
4.266304347826085919e-01
5.831381733021077096e-01
-1.875000000000000278e-01
-1.030444964871195523e-01
3.423913043478259421e-01
9.906323185011709498e-01
8.967391304347825942e-01
3.419203747072598887e-01
-5.788043478260869179e-01
3.606557377049179891e-01
2.717391304347810052e-02
2.037470725995316201e-01
-4.510869565217389687e-01
1.170960187353631277e-02
5.298913043478259421e-01
-7.189695550351287157e-01
-2.010869565217390798e-01
2.131147540983606703e-01
-3.206521739130435145e-01
7.962529274004683799e-01
2.173913043478274687e-02
3.372365339578453636e-01
1.956521739130433757e-01
4.168618266978922904e-01
4.347826086956522729e-01
5.807962529274004471e-01
-4.510869565217389687e-01
1.405152224824357532e-02
7.309782608695649664e-01
7.236533957845432408e-01
4.076086956521738358e-01
4.683840749414520666e-01
4.103260869565218405e-01
-7.470725995316159773e-01
2.445652173913042196e-02
2.833723653395785469e-01
3.668478260869563190e-01
9.531615925058547489e-01
1.358695652173905026e-02
4.496487119437939661e-01
7.364130434782607537e-01
4.964871194379392172e-01
7.119565217391302658e-01
3.512880562060889389e-01
7.173913043478259421e-01
1.662763466042154192e-01
1.576086956521739191e-01
7.166276346604214531e-01
4.320652173913042682e-01
7.728337236533966426e-02
8.369565217391303769e-01
-1.288056206088994404e-01
-7.635869565217391353e-01
5.620608899297407923e-02
-2.717391304347824832e-01
-6.978922716627633527e-01
4.184782608695651884e-01
8.524590163934426812e-01
-9.728260869565216185e-01
3.208430913348947477e-01
1.739130434782609758e-01
5.245901639344261458e-01
6.005434782608695121e-01
-6.557377049180346251e-02
7.065217391304345895e-01
1.030444964871193303e-01
-9.402173913043477826e-01
2.295081967213115082e-01
-1.902173913043478659e-01
1.850117096018735197e-01
7.173913043478259421e-01
3.770491803278688270e-01
-2.038043478260869179e-01
2.131147540983606703e-01
7.635869565217391353e-01
-2.716627634660422341e-01
-5.353260869565216185e-01
-5.269320843091336304e-01
7.391304347826087584e-01
4.637002341920375414e-01
7.092391304347825942e-01
7.704918032786884918e-01
-2.010869565217390798e-01
-8.290398126463699446e-01
3.940217391304347561e-01
3.723653395784543019e-01
-6.929347826086955653e-01
4.426229508196721785e-01
7.472826086956521063e-01
-3.161592505854800006e-01
1.875000000000000278e-01
3.161592505854802226e-01
5.217391304347825942e-01
-7.142857142857141906e-01
-8.423913043478263585e-02
6.744730679156909492e-01
-1.467391304347825387e-01
7.939110070257613394e-01
6.331521739130433479e-01
1.124121779859486026e-01
1.521739130434782150e-01
6.721311475409834646e-01
-6.576086956521737248e-01
-3.091334894613583240e-01
6.304347826086956763e-01
7.704918032786884918e-01
8.423913043478263585e-02
7.025761124121787660e-02
5.842391304347824832e-01
-8.430913348946134089e-02
2.771739130434783260e-01
1.014051522248243575e+00
-2.499999999999999167e-01
-1.217798594847774307e-01
9.945652173913043237e-01
1.545667447306791065e-01
2.717391304347810052e-02
1.850117096018735197e-01
1.603260869565215907e-01
1.358313817330210060e-01
-7.880434782608695954e-02
6.791569086651054743e-01
4.592391304347827052e-01
1.826697892271662571e-01
-3.097826086956521618e-01
4.426229508196721785e-01
4.701086956521737248e-01
2.154566744730679329e-01
8.043478260869563190e-01
-1.803278688524588835e-01
-8.206521739130433479e-01
5.058548009367682674e-01
-3.369565217391303769e-01
5.925058548009367598e-01
1.304347826086954820e-01
4.683840749414525106e-02
-1.249999999999999584e-01
7.587822014051521791e-01
-7.119565217391302658e-01
-5.620608899297430128e-02
-2.282608695652173503e-01
-1.000000000000000000e+00
4.239130434782608647e-01
5.433255269320844683e-01
1.657608695652172670e-01
1.545667447306791065e-01
-3.478260869565217850e-01
7.096018735362998875e-01
7.364130434782607537e-01
1.943793911007025699e-01
6.766304347826085364e-01
-4.777517564402808947e-01
6.576086956521737248e-01
7.822014051522248046e-01
4.293478260869565966e-01
7.915690866510538548e-01
-8.532608695652172948e-01
1.428571428571427937e-01
3.315217391304348671e-01
-8.805620608899297208e-01
4.076086956521738358e-01
1.124121779859486026e-01
7.282608695652172948e-01
4.590163934426230163e-01
4.320652173913042682e-01
7.470725995316160883e-01
4.076086956521738358e-01
8.758782201405150847e-01
7.771739130434781595e-01
2.576112412177984368e-01
6.684782608695650774e-01
1.779859484777517320e-01
1.548913043478259144e-01
7.213114754098359782e-01
7.961956521739129711e-01
-2.131147540983607813e-01
3.369565217391302103e-01
9.976580796252927374e-01
-3.505434782608694566e-01
-5.854800936768145281e-02
