4.080459770114943652e-01
9.612756264236903547e-01
-5.804597701149425415e-01
-7.152619589977220471e-01
5.287356321839078444e-01
-1.435079726651480314e-01
2.528735632183906623e-01
-4.806378132118450663e-01
8.333333333333332871e-02
-4.259681093394078744e-01
-3.620689655172413812e-01
-4.555808656036446358e-01
7.183908045977004109e-02
3.371298405466971460e-01
-1.293103448275861600e-01
-5.603644646924829109e-01
4.109195402298850275e-01
7.084282460136674953e-01
7.442528735632183423e-01
-1.412300683371299215e-01
8.333333333333332871e-02
-1.708428246013669050e-01
-2.068965517241378449e-01
-6.127562642369019930e-01
8.764367816091951369e-01
6.218678815489750988e-01
-1.008620689655172376e+00
2.209567198177677660e-01
1.954022988505745295e-01
-4.988610478359909450e-01
1.839080459770116027e-01
-4.738041002277904035e-01
-1.321839080459769611e-01
-4.441913439635535310e-01
-5.632183908045975684e-01
4.829157175398632873e-01
3.477011494252872925e-01
-9.567198177676539128e-01
-3.908045977011494476e-01
9.498861047835991389e-01
-7.356321839080458558e-01
7.471526195899773626e-01
3.419540229885056348e-01
-6.287015945330295397e-01
-1.149425287356322101e-01
-3.234624145785878202e-01
-1.580459770114941986e-01
-9.726651480637814595e-01
1.954022988505745295e-01
-4.760820045558085134e-01
8.045977011494268027e-02
4.054669703872437747e-01
-9.454022988505745850e-01
5.216400911161731546e-01
2.327586206896550547e-01
6.993166287015943894e-01
-1.350574712643677899e-01
-9.749430523917995695e-01
8.994252873563217676e-01
5.785876993166287896e-01
2.385057471264367124e-01
-9.977220956719818901e-01
-3.534482758620688947e-01
-6.036446469248293312e-01
2.270114942528734248e-01
-6.651480637813214081e-01
1.034482758620689224e-01
5.261958997722095965e-01
3.793103448275861322e-01
-4.328018223234624262e-01
1.149425287356329109e-02
-1.594533029612755781e-01
8.333333333333332871e-02
4.555808656036446358e-01
-5.747126436781608838e-01
4.715261958997722935e-01
-6.896551724137922612e-02
-3.485193621867881397e-01
-5.143678160919539222e-01
5.785876993166287896e-01
4.626436781609195026e-01
-8.519362186788155267e-01
4.281609195402299450e-01
-2.687927107061504062e-01
6.436781609195401099e-01
-1.457858769931663634e-01
-1.695402298850574863e-01
-4.624145785876994097e-01
2.068965517241378449e-01
-2.528473804100228595e-01
4.022988505747116666e-02
-9.977220956719818901e-01
3.793103448275861322e-01
-2.300683371298405389e-01
1.666666666666666574e-01
-4.760820045558085134e-01
-4.195402298850575140e-01
6.833712984054662876e-02
4.367816091954022650e-01
1.799544419134397888e-01
-1.724137931034476143e-02
-6.104783599088838830e-01
-3.936781609195402765e-01
9.430523917995445871e-01
5.344827586206895020e-01
-7.539863325740319144e-01
4.683908045977011048e-01
-8.564920273348519686e-01
4.137931034482756898e-01
-4.646924829157175196e-01
4.827586206896550824e-01
4.943052391799545031e-01
-2.528735632183908288e-01
-4.601366742596810777e-01
1.896551724137932604e-01
-4.555808656036446358e-01
2.701149425287355799e-01
-6.013667425968109992e-01
2.586206896551723200e-01
-4.168564920273349905e-01
-2.614942528735630933e-01
1.799544419134397888e-01
5.344827586206895020e-01
9.202733485193623775e-01
7.758620689655168490e-02
-1.753986332574031248e-01
-2.873563218390805252e-02
9.908883826879271162e-01
-2.528735632183908288e-01
-9.544419134396354698e-01
1.408045977011494476e-01
1.366742596810934796e-01
2.557471264367816577e-01
-4.601366742596810777e-01
8.908045977011497252e-02
-5.535307517084283591e-01
-1.264367816091953312e-01
-3.690205011389520173e-01
8.620689655172397714e-02
2.323462414578587598e-01
1.000000000000000000e+00
-2.961275626423698348e-02
7.471264367816089491e-01
7.972665148063782237e-01
2.672413793103449176e-01
-5.671981776765375738e-01
-2.183908045977011325e-01
-3.986332574031890008e-01
-1.724137931034483151e-01
-2.733485193621854048e-02
3.936781609195401099e-01
7.107061503416858272e-01
4.770114942528734248e-01
4.510250569476081939e-01
-9.109195402298849720e-01
-1.753986332574031248e-01
4.770114942528734248e-01
6.127562642369022150e-01
4.224137931034482873e-01
-1.480637813211844733e-01
-1.149425287356329109e-02
9.886104783599090062e-01
1.000000000000000000e+00
-7.972665148063795559e-02
2.643678160919539222e-01
-3.394077448747153669e-01
-2.959770114942528174e-01
-5.330296127562643704e-01
-6.954022988505745850e-01
-3.826879271070615651e-01
2.586206896551723061e-02
-7.129840546697039372e-01
4.224137931034482873e-01
-3.462414578587700298e-01
2.011494252873561872e-01
-5.284738041002279285e-01
-1.011494252873563093e+00
2.323462414578587598e-01
-1.178160919540230250e-01
-6.970387243735763905e-01
9.913793103448274024e-01
1.138952164009099377e-02
-1.005747126436780936e-01
-8.883826879271061738e-02
-3.908045977011494476e-01
-4.897494305239180612e-01
1.867816091954022373e-01
8.656036446469239642e-02
8.045977011494268027e-02
-6.810933940774488438e-01
2.500000000000000000e-01
-2.027334851936219984e-01
-9.942528735632183423e-01
4.009111617312073328e-01
3.362068965517239771e-01
-1.503416856492029163e-01
-5.775862068965517127e-01
-7.175398633257403791e-01
-8.103448275862067396e-01
6.924829157175400596e-01
-7.183908045977011048e-01
7.722095671981779041e-01
3.017241379310344751e-01
-4.738041002277904035e-01
2.011494252873558333e-02
-7.972665148063795559e-02
5.775862068965517127e-01
-6.036446469248293312e-01
-3.247126436781608838e-01
-9.293849658314350393e-01
-2.270114942528735913e-01
-2.460136674259680856e-01
-1.867816091954022373e-01
4.715261958997722935e-01
1.206896551724138539e-01
5.899772209567197834e-01
4.856321839080460778e-01
5.922551252847381154e-01
2.183908045977011325e-01
-6.059225512528474411e-01
-1.781609195402297785e-01
5.148063781321186028e-01
8.419540229885056348e-01
6.924829157175400596e-01
5.718390804597700550e-01
9.066059225512530517e-01
5.545977011494250819e-01
-7.107061503416858272e-01
5.574712643678161328e-01
-7.038724373576309423e-01
-1.839080459770114362e-01
4.487471526195898619e-01
2.011494252873561872e-01
7.517084282460140265e-02
-1.149425287356329109e-02
-6.719817767653759599e-01
-1.264367816091953312e-01
-7.084282460136674953e-01
3.132183908045977350e-01
5.239179954441919307e-02
1.982758620689655527e-01
6.765375854214124018e-01
-2.816091954022988952e-01
-6.059225512528474411e-01
2.528735632183906623e-01
-4.009111617312073328e-01
-6.350574712643678454e-01
-5.717539863325740157e-01
9.741379310344827624e-01
2.346241457858770918e-01
-5.459770114942528313e-02
-4.646924829157175196e-01
-1.810344827586206073e-01
-1.640091116173120200e-01
-1.724137931034476143e-02
9.863325740318906742e-01
-1.264367816091953312e-01
-6.697038724373575169e-01
4.798850574712644201e-01
4.851936218678816193e-01
-7.356321839080458558e-01
-2.391799544419135337e-01
-5.747126436781645545e-03
-7.061503416856493853e-01
-1.235632183908045023e-01
-6.423690205011389764e-01
9.195402298850573475e-01
5.466970387243736962e-01
4.339080459770116027e-01
6.993166287015943894e-01
-5.028735632183908288e-01
5.945330296127562253e-01
3.735632183908044746e-01
-5.603644646924829109e-01
-2.011494252873558333e-02
-5.421412300683370322e-01
-3.160919540229887442e-02
-4.669703872437358516e-01
-1.120689655172413812e-01
-7.015945330296129434e-01
-3.189655172413792261e-01
-2.369020501138954238e-01
2.729885057471262422e-01
-2.915717539863325047e-01
-2.758620689655172376e-01
-6.583143507972665232e-01
-1.867816091954022373e-01
9.749430523917996805e-01
4.741379310344827624e-01
3.826879271070615651e-01
-1.005747126436781436e+00
5.694760820045563499e-02
-7.356321839080458558e-01
-1.822323462414578987e-01
-2.212643678160919614e-01
-3.075170842824600514e-01
9.597701149425285072e-01
3.029612756264237206e-01
2.787356321839078999e-01
7.175398633257403791e-01
2.816091954022988952e-01
9.726651480637813485e-01
-4.310344827586198857e-02
9.840546697038723423e-01
-3.620689655172413812e-01
-9.202733485193623775e-01
4.281609195402299450e-01
-2.892938496583143948e-01
-7.701149425287355799e-01
7.289293849658315949e-01
-7.068965517241377894e-01
-3.781321184510250122e-01
9.712643678160918226e-01
2.232346241457858760e-01
4.310344827586206073e-01
9.453302961275626970e-01
2.241379310344827624e-01
-6.628701594533029651e-01
4.109195402298850275e-01
1.389521640091118115e-01
-2.959770114942528174e-01
-5.284738041002279285e-01
3.649425287356322101e-01
-5.945330296127564473e-01
8.965517241379310498e-01
6.036446469248293312e-01
6.494252873563217676e-01
8.564920273348519686e-01
4.655172413793101094e-01
3.302961275626423721e-01
-1.839080459770114362e-01
-1.457858769931663634e-01
-6.896551724137922612e-02
-9.817767653758543434e-01
2.902298850574711597e-01
-4.783599088838269564e-01
-1.867816091954022373e-01
7.015945330296129434e-01
5.833333333333333703e-01
-5.193621867881549337e-01
-5.689655172413792261e-01
-1.753986332574031248e-01
2.126436781609194748e-01
-6.036446469248293312e-01
-1.925287356321838950e-01
-2.277904328018209856e-02
-9.885057471264366846e-01
4.396355353075172001e-01
2.270114942528734248e-01
6.150341685649207690e-02
-5.344827586206895020e-01
5.307517084282460385e-01
-4.051724137931033698e-01
6.378132118451018684e-02
3.908045977011494476e-01
-1.457858769931663634e-01
9.166666666666666297e-01
5.558086560364463580e-01
3.994252873563217121e-01
-4.897494305239180612e-01
2.586206896551723061e-02
-4.738041002277904035e-01
-5.143678160919539222e-01
-8.154897494305239913e-01
-8.735632183908045301e-01
6.036446469248293312e-01
5.948275862068965747e-01
8.952164009111618359e-01
-1.436781609195393779e-02
-5.034168564920273869e-01
-9.683908045977011048e-01
4.874715261958997292e-01
-7.413793103448275135e-01
-2.186788154897494341e-01
-1.896551724137930661e-01
-1.002277904328019442e-01
4.281609195402299450e-01
-3.029612756264236095e-01
4.712643678160917671e-01
3.507972665148064717e-01
-6.781609195402298340e-01
-4.533029612756265259e-01
1.005747126436782740e-01
2.027334851936219984e-01
7.471264367816103646e-02
-3.462414578587700298e-01
2.844827586206895020e-01
-2.596810933940774113e-01
5.172413793103446122e-02
-3.439635535307519199e-01
2.068965517241378449e-01
6.810933940774488438e-01
1.781609195402299450e-01
-9.977220956719818901e-01
8.362068965517239771e-01
6.970387243735762794e-01
4.655172413793101094e-01
3.712984054669705714e-01
-2.902298850574711597e-01
-9.407744874715263661e-01
-5.919540229885056348e-01
2.232346241457858760e-01
-3.189655172413792261e-01
-4.259681093394078744e-01
3.793103448275861322e-01
-2.801822323462415110e-01
9.482758620689663021e-02
4.965831435079728351e-01
3.275862068965517127e-01
9.749430523917996805e-01
-3.160919540229883973e-01
-4.669703872437358516e-01
2.155172413793104702e-01
-5.899772209567198944e-01
9.942528735632183423e-01
3.644646924829153534e-02
-2.068965517241378449e-01
-4.578587699316629678e-01
-9.626436781609194471e-01
-1.776765375854214568e-01
-3.103448275862069061e-01
7.266514806378134850e-01
2.873563218390804974e-01
4.555808656036441917e-02
-7.499999999999997780e-01
7.403189066059225887e-01
3.764367816091955254e-01
-3.621867881548974655e-01
4.856321839080460778e-01
5.284738041002279285e-01
2.672413793103449176e-01
-5.899772209567198944e-01
5.000000000000000000e-01
9.316628701594533712e-01
4.683908045977011048e-01
3.781321184510249012e-01
-4.224137931034481208e-01
-2.164009111617311021e-01
-1.011494252873563093e+00
1.571753986332575792e-01
2.557471264367816577e-01
-6.697038724373575169e-01
2.701149425287355799e-01
7.107061503416858272e-01
4.080459770114943652e-01
-4.988610478359909450e-01
-5.431034482758619886e-01
-1.731207289293850149e-01
-1.014367816091954033e+00
2.050113895216401083e-01
-8.218390804597700550e-01
6.742596810933942919e-01
-5.948275862068964637e-01
2.072892938496582182e-01
2.183908045977011325e-01
6.924829157175400596e-01
-4.683908045977011048e-01
9.225512528473804874e-01
1.465517241379310776e-01
-7.015945330296129434e-01
3.850574712643677899e-01
-5.558086560364464690e-01
7.183908045977004109e-02
3.644646924829157975e-01
1.896551724137932604e-01
-3.963553530751708909e-01
-1.350574712643677899e-01
-4.077448747152619957e-01
-6.005747126436781214e-01
3.029612756264237206e-01
2.528735632183906623e-01
-4.100227790432804387e-01
-9.482758620689663021e-02
-4.646924829157175196e-01
1.839080459770116027e-01
-6.947608200455580585e-01
-2.212643678160919614e-01
9.726651480637813485e-01
-2.241379310344827624e-01
9.726651480637813485e-01
4.310344827586216898e-02
9.908883826879271162e-01
-5.459770114942528174e-01
9.567198177676550230e-02
-8.333333333333332871e-02
9.886104783599090062e-01
-3.649425287356322101e-01
-5.717539863325740157e-01
-2.068965517241378449e-01
3.257403189066059301e-01
-2.183908045977011325e-01
-4.464692482915719740e-01
-1.149425287356329109e-02
-5.922551252847380043e-01
-1.002873563218390718e+00
1.366742596810932575e-02
2.040229885057471826e-01
-6.902050113895218386e-01
6.149425287356321546e-01
-1.389521640091115895e-01
1.580459770114943652e-01
-3.029612756264236095e-01
-1.695402298850574863e-01
-7.038724373576309423e-01
-6.436781609195401099e-01
-5.307517084282460385e-01
-7.298850574712641981e-01
-2.961275626423689467e-01
-5.316091954022986732e-01
8.838268792710706201e-01
-1.436781609195393779e-02
-6.218678815489749878e-01
-1.005747126436781436e+00
2.460136674259683076e-01
-1.379310344827586188e-01
-4.783599088838269564e-01
-1.000000000000000000e+00
-2.961275626423698348e-02
9.166666666666666297e-01
5.535307517084282480e-01
-1.436781609195393779e-02
-3.872437357630980070e-01
1.781609195402299450e-01
-2.756264236902050691e-01
-8.620689655172415755e-02
-4.624145785876994097e-01
2.844827586206895020e-01
-6.264236902050114297e-01
8.620689655172397714e-02
4.464692482915717520e-01
2.586206896551723200e-01
-5.079726651480639399e-01
3.247126436781610503e-01
-9.635535307517084647e-01
-2.442528735632183423e-01
7.220956719817768210e-01
-1.408045977011494476e-01
-2.961275626423698348e-02
-1.896551724137930661e-01
-1.093394077448746060e-01
8.045977011494268027e-02
2.665148063781321852e-01
-2.298850574712640524e-02
-3.576309794988610236e-01
5.804597701149423195e-01
-4.920273348519363932e-01
5.143678160919539222e-01
9.225512528473804874e-01
-2.413793103448275412e-01
7.198177676537584890e-01
9.568965517241377894e-01
3.576309794988610236e-01
8.333333333333332871e-02
3.940774487471525589e-01
2.183908045977011325e-01
-6.150341685649204360e-01
8.333333333333332871e-02
-1.093394077448746060e-01
-1.005747126436781436e+00
1.867881548974943406e-01
-6.666666666666666297e-01
-4.783599088838269564e-01
3.563218390804595570e-01
-9.453302961275628080e-01
3.678160919540228724e-01
-5.763097949886104576e-01
6.925287356321838672e-01
8.337129840546699810e-01
-1.925287356321838950e-01
-1.161731207289294909e-01
-1.178160919540230250e-01
-3.348519362186789250e-01
-4.310344827586206073e-01
-1.936218678815490035e-01
-4.511494252873561872e-01
6.378132118451025345e-01
-2.614942528735630933e-01
-2.300683371298405389e-01
-3.103448275862069061e-01
1.161731207289293799e-01
-8.908045977011497252e-02
-3.416856492027334768e-01
-9.770114942528733692e-01
-1.776765375854214568e-01
-3.103448275862069061e-01
-2.414578587699315326e-01
2.586206896551723200e-01
-4.009111617312073328e-01
3.936781609195401099e-01
-5.170842824601368237e-01
-5.114942528735630933e-01
8.929384965831435039e-01
1.810344827586206073e-01
-1.000000000000000000e+00
2.183908045977011325e-01
-6.264236902050114297e-01
5.804597701149423195e-01
-2.414578587699315326e-01
2.701149425287355799e-01
-2.892938496583143948e-01
5.833333333333333703e-01
-5.580865603644649120e-01
4.770114942528734248e-01
4.328018223234624262e-01
-2.097701149425286460e-01
-4.601366742596810777e-01
4.080459770114943652e-01
9.544419134396355808e-01
8.620689655172412147e-01
6.560364464692485242e-01
-5.028735632183908288e-01
-8.200455580865604333e-01
-1.408045977011494476e-01
-4.396355353075169781e-01
-3.793103448275861322e-01
-5.421412300683370322e-01
-7.212643678160919336e-01
7.585421412300683564e-01
3.275862068965517127e-01
9.772209567198180125e-01
3.189655172413793927e-01
-1.731207289293850149e-01
-2.011494252873558333e-02
-4.350797266514805361e-01
4.511494252873561872e-01
2.460136674259683076e-01
-4.109195402298850275e-01
-3.735763097949885703e-01
3.764367816091955254e-01
-1.503416856492029163e-01
-3.189655172413792261e-01
-2.004555808656035554e-01
2.298850574712644201e-01
-4.783599088838269564e-01
-5.919540229885056348e-01
-6.833712984054669537e-01
-4.626436781609195026e-01
-8.656036446469249634e-01
-5.890804597701148060e-01
2.186788154897494341e-01
1.293103448275861600e-01
-3.302961275626423721e-01
-8.649425287356321546e-01
6.173120728929384349e-01
5.201149425287355799e-01
-1.457858769931663634e-01
-1.235632183908045023e-01
-9.772209567198179014e-01
-4.367816091954022650e-01
-1.799544419134395667e-01
7.183908045977004109e-02
-7.084282460136674953e-01
-1.839080459770114362e-01
5.398633257403189223e-01
9.712643678160918226e-01
1.981776765375855565e-01
9.022988505747123744e-01
-1.548974943052390252e-01
2.097701149425288403e-01
-1.000000000000000000e+00
8.333333333333332871e-02
-1.822323462414578987e-01
-1.321839080459769611e-01
-4.009111617312073328e-01
-3.936781609195402765e-01
6.833712984054662876e-02
-3.965517241379308833e-01
-4.760820045558085134e-01
8.908045977011493921e-01
6.013667425968109992e-01
7.500000000000000000e-01
-1.412300683371299215e-01
-7.758620689655168490e-02
-7.061503416856493853e-01
-1.896551724137930661e-01
-6.902050113895218386e-01
-5.977011494252872925e-01
1.958997722095672245e-01
-1.810344827586206073e-01
5.558086560364463580e-01
-1.522988505747125410e-01
-3.075170842824600514e-01
-9.339080459770112697e-01
-1.822323462414578987e-01
-6.120689655172414367e-01
-6.127562642369019930e-01
5.890804597701150280e-01
-4.669703872437358516e-01
1.091954022988505663e-01
-4.715261958997722935e-01
-7.356321839080458558e-01
-2.323462414578588708e-01
4.022988505747127075e-01
1.161731207289293799e-01
-1.264367816091953312e-01
-5.831435079726653425e-01
-7.011494252873562427e-01
-1.685649202733485730e-01
9.655172413793101649e-01
3.006833712984056106e-01
2.873563218390804974e-01
-4.715261958997722935e-01
3.965517241379311053e-01
7.084282460136674953e-01
-9.080459770114940321e-01
5.649202733485194639e-01
-1.321839080459769611e-01
-6.355353075170844246e-01
-2.729885057471264087e-01
1.548974943052392472e-01
8.994252873563217676e-01
5.854214123006835635e-01
8.045977011494268027e-02
-3.804100227790434552e-01
8.333333333333332871e-02
-8.428246013667439751e-02
-2.356321839080458835e-01
7.198177676537584890e-01
5.890804597701150280e-01
-2.072892938496584403e-01
1.867816091954022373e-01
-4.441913439635535310e-01
2.241379310344827624e-01
6.879271070615033956e-01
9.885057471264366846e-01
5.466970387243730300e-02
-3.160919540229883973e-01
-2.619589977220955213e-01
-1.005747126436781436e+00
6.833712984054773898e-03
1.000000000000000000e+00
-1.343963553530750366e-01
2.729885057471262422e-01
-6.651480637813214081e-01
-1.149425287356329109e-02
-5.580865603644649120e-01
-3.908045977011494476e-01
-4.851936218678815083e-01
-6.982758620689654139e-01
-3.895216400911161170e-01
-1.005747126436780936e-01
-4.669703872437358516e-01
2.011494252873558333e-02
-3.553530751708429136e-01
1.781609195402299450e-01
9.794988610478361224e-02
-8.247126436781606618e-01
6.765375854214124018e-01
-1.781609195402297785e-01
-1.776765375854214568e-01
8.333333333333332871e-02
-4.692482915717539615e-01
-3.936781609195402765e-01
-4.783599088838269564e-01
-3.649425287356322101e-01
9.498861047835991389e-01
-4.109195402298850275e-01
-9.066059225512529407e-01
3.735632183908044746e-01
-2.391799544419135337e-01
1.925287356321838950e-01
6.651480637813211860e-01
-7.873563218390803309e-01
7.038724373576310533e-01
8.936781609195401099e-01
6.059225512528474411e-01
-5.890804597701148060e-01
3.644646924829157975e-01
3.735632183908051823e-02
-3.462414578587700298e-01
2.758620689655172376e-01
-2.733485193621869591e-01
-2.155172413793103037e-01
-4.624145785876994097e-01
-1.350574712643677899e-01
-5.876993166287015624e-01
-5.977011494252872925e-01
3.280182232346242621e-01
-1.522988505747125410e-01
-2.733485193621854048e-02
3.735632183908044746e-01
-2.528473804100228595e-01
-2.614942528735630933e-01
-6.902050113895218386e-01
-2.442528735632183423e-01
-6.833712984054669537e-01
-4.080459770114941986e-01
-4.328018223234624262e-01
4.597701149425281048e-02
-4.669703872437358516e-01
2.643678160919539222e-01
-3.143507972665149364e-01
-1.034482758620689224e-01
-9.794988610478350122e-02
-7.385057471264366846e-01
-1.776765375854214568e-01
4.137931034482756898e-01
1.298405466970387057e-01
9.339080459770112697e-01
4.920273348519361711e-01
-1.011494252873563093e+00
2.779043280182231790e-01
2.614942528735633154e-01
-4.806378132118450663e-01
-5.172413793103446122e-02
9.886104783599090062e-01
3.735632183908044746e-01
-3.781321184510250122e-01
-1.810344827586206073e-01
6.856492027334852857e-01
-9.885057471264366846e-01
-7.744874715261951259e-02
-3.275862068965517127e-01
-4.533029612756265259e-01
-6.896551724137930384e-01
-1.731207289293850149e-01
-1.293103448275861600e-01
-6.173120728929385459e-01
-3.160919540229883973e-01
-6.355353075170844246e-01
-1.724137931034483151e-01
-9.726651480637814595e-01
-1.005747126436781436e+00
3.052391799544418305e-01
-2.212643678160919614e-01
2.824601366742598429e-01
2.270114942528734248e-01
-6.765375854214124018e-01
9.770114942528726476e-02
2.004555808656036664e-01
4.224137931034482873e-01
-2.574031890660593014e-01
3.477011494252872925e-01
-6.195899772209568779e-01
-7.413793103448275135e-01
-1.799544419134395667e-01
-4.856321839080459113e-01
-8.359908883826879800e-01
-1.379310344827586188e-01
9.772209567198180125e-01
-4.224137931034481208e-01
-1.753986332574031248e-01
2.816091954022988952e-01
-9.908883826879273382e-01
-5.689655172413792261e-01
4.578587699316629678e-01
-5.545977011494253039e-01
-7.585421412300684674e-01
4.339080459770116027e-01
6.947608200455581695e-01
1.149425287356329109e-02
-1.252847380410023748e-01
4.080459770114943652e-01
1.366742596810934796e-01
-1.494252873563219064e-01
-1.913439635535308936e-01
-4.741379310344827624e-01
-8.564920273348519686e-01
9.597701149425285072e-01
3.530751708428248037e-01
-3.045977011494253039e-01
-5.079726651480639399e-01
-5.459770114942528174e-01
9.794988610478361224e-02
4.770114942528734248e-01
4.555808656036446358e-01
2.241379310344827624e-01
-9.977220956719818901e-01
-5.862068965517239771e-01
3.849658314350796751e-01
9.568965517241377894e-01
3.507972665148064717e-01
-9.971264367816089491e-01
-7.289293849658307067e-02
-1.925287356321838950e-01
9.794988610478361224e-01
-2.816091954022988952e-01
-6.332574031890659816e-01
2.586206896551723200e-01
-4.350797266514805361e-01
-1.695402298850574863e-01
-9.658314350797267966e-01
-4.540229885057470161e-01
-1.799544419134395667e-01
7.758620689655168490e-02
2.687927107061502952e-01
5.804597701149423195e-01
-2.779043280182234010e-01
4.770114942528734248e-01
5.239179954441914866e-01
-4.281609195402297785e-01
-2.346241457858769808e-01
-6.637931034482758008e-01
-5.011389521640090550e-01
-2.155172413793103037e-01
-2.619589977220955213e-01
2.557471264367816577e-01
-5.034168564920273869e-01
-7.270114942528733692e-01
-2.938496583143508367e-01
5.172413793103446122e-02
-5.239179954441908205e-02
9.482758620689655249e-01
4.009111617312073328e-01
3.017241379310344751e-01
-9.817767653758543434e-01
-1.149425287356329109e-02
-3.917995444191344490e-01
5.919540229885056348e-01
-3.940774487471525589e-01
5.919540229885056348e-01
-3.234624145785878202e-01
-4.109195402298850275e-01
-3.667425968109339074e-01
4.597701149425281048e-02
-3.530751708428245816e-01
2.442528735632183423e-01
7.061503416856493853e-01
1.925287356321838950e-01
-4.236902050113895424e-01
-4.741379310344827624e-01
-1.753986332574031248e-01
-7.155172413793102759e-01
7.744874715261960141e-01
-2.097701149425286460e-01
-9.589977220956720227e-01
7.816091954022988952e-01
-1.503416856492029163e-01
-5.373563218390803309e-01
5.239179954441914866e-01
1.235632183908045023e-01
1.526195899772209152e-01
4.425287356321839227e-01
2.186788154897494341e-01
-5.804597701149425415e-01
1.252847380410022637e-01
8.879310344827584522e-01
-1.526195899772209152e-01
1.752873563218389497e-01
-3.302961275626423721e-01
-5.804597701149425415e-01
4.145785876993166585e-01
-4.310344827586206073e-01
-8.815489749430523991e-01
5.689655172413794482e-01
-6.765375854214124018e-01
1.752873563218389497e-01
-3.439635535307519199e-01
1.350574712643677899e-01
6.150341685649203249e-01
-4.856321839080459113e-01
-8.451025056947609748e-01
4.166666666666666852e-01
-3.826879271070615651e-01
-8.591954022988506079e-01
6.241457858769932088e-01
4.051724137931033698e-01
-4.897494305239180612e-01
-1.321839080459769611e-01
-4.897494305239180612e-01
-4.396551724137930939e-01
-8.792710706150344002e-01
-1.896551724137930661e-01
-1.571753986332574682e-01
3.362068965517239771e-01
-6.309794988610479827e-01
-3.189655172413792261e-01
-3.940774487471525589e-01
-7.097701149425286182e-01
-3.416856492027334768e-01
7.758620689655168490e-02
-4.943052391799545031e-01
-1.436781609195393779e-02
-4.783599088838269564e-01
-2.068965517241378449e-01
3.302961275626423721e-01
-3.390804597701149725e-01
6.924829157175400596e-01
-3.390804597701149725e-01
9.521640091116174709e-01
-1.014367816091954033e+00
2.164009111617313241e-01
1.925287356321838950e-01
-4.555808656036446358e-01
8.390804597701150280e-01
-1.457858769931663634e-01
3.362068965517239771e-01
5.922551252847374492e-02
-1.781609195402297785e-01
5.512528473804101381e-01
-1.000000000000000000e+00
4.555808656036441917e-02
-4.568965517241378449e-01
6.241457858769932088e-01
-1.695402298850574863e-01
-2.915717539863325047e-01
5.890804597701150280e-01
8.974943052391799458e-01
-5.402298850574711597e-01
5.330296127562643704e-01
4.568965517241378449e-01
6.742596810933942919e-01
-4.109195402298850275e-01
-4.077448747152619957e-01
4.626436781609195026e-01
6.651480637813211860e-01
-5.833333333333333703e-01
-6.902050113895218386e-01
-1.867816091954022373e-01
6.970387243735762794e-01
5.862068965517239771e-01
-5.649202733485194639e-01
-1.321839080459769611e-01
-5.717539863325740157e-01
8.620689655172397714e-02
-8.883826879271061738e-02
-3.505747126436781214e-01
-1.958997722095671135e-01
5.890804597701150280e-01
-1.389521640091115895e-01
4.913793103448273469e-01
-8.291571753986334281e-01
-2.758620689655172376e-01
1.480637813211844733e-01
